7196815
7175882
1489425
7298624
815434
1480705
7320280
1833697
7232299
7313235
7130255
1362393
7304767
7303751
7305683
478248
7249418
990991
7294677
833380
7273195
7291736
1397885
1505891
7280991
7191757
7284508
699292
481514
6950035
1119080
1571885
7262528
1003244
7267192
7228673
203669
7252498
1479493
7247644
1512788
7180144
7030541
7239786
7200091
7196655
7002891
989100
7220961
554855
7213169
1741366
7088949
7220013
1000713
7179000
1513893
7278582
7328166
7328630
7315980
7312669
7328133
7322582
7325819
7237858
7327697
7326670
7320959
7285493
7316686
7327829
7326131
1016414
1569103
7325990
7295947
7320602
7325216
7328180
7309658
7327811
7327943
7221538
7325950
7326035
7327253
7301148
214231
7137293
1481214
7314786
1362393
7220013
353362
7196655
927874
7196815
7318166
1351706
545770
1473520
7076319
7299035
7301148
7285493
7318166
7318644
1710033
7306791
7220961
7102931
7210861
7164542
7312403
7298423
7311855
7130255
7306548
7164780
7293622
545770
7220013
1894975
796947
7295947
742615
1415116
7246457
1248525
7196815
1397885
1027877
1531746
1313524
7203263
7187756
1929255
353362
1597932
7138417
1753773
7237631
762024
6951194
195333
6950035
1481384
1480705
1389842
902898
1000713
1713158
1551225
1352334
1481214
7075205
989100
1461113
7088949
7026726
7106147
7002891
1791457
1922603
1351706
1098582
1359557
1536263
1690259
1689496
1513893
1538554
1386862
719992
1163095
1294149
1644264
1016414
473011
1303291
384905
7313235
7320808
1481214
7309004
490157
7295947
7324542
7311384
7306548
1398873
7117752
7306791
7112858
7006112
545770
1710033
7083759
1644264
7304767
7138417
7134569
7315932
1678125
1589253
7307862
1515771
1372714
7310532
7210861
1386862
1163095
762024
7203263
7290528
7323522
1741366
1551225
1359387
7249418
1633659
833380
7120874
7301148
6985733
7312403
1393384
195333
1931556
7137418
7293622
703062
7303751
7320313
6971108
7247950
7317334
7284508
7318147
1098582
7319829
7294230
1672607
6970550
989100
7228673
1248525
7309404
1337834
7284832
1483034
7196815
7269584
7314567
7311855
7232299
6950035
7316686
7075205
1381925
6970550
7226865
1350940
1328083
7151664
7085082
1790259
1690128
1698874
1098582
1415116
7196815
210014
478349
1044257
1549576
6962698
1896818
6951882
1692866
1536263
1019374
1833697
1480705
1299591
762024
840301
1378884
1126339
1226177
575741
779459
243630
1015721
232783
962834
491696
1678125
7120696
7301148
7326311
1741366
7196815
7319829
7250049
195333
398972
7318644
7317372
244710
1372714
1019411
1553320
7311855
1922603
7002891
286386
7313235
7107294
7247644
1393384
7309404
7228673
353362
7220013
7299633
7294604
7196655
989100
7295947
7251553
7285348
1119080
1512788
7119013
1300566
7226865
744520
307816
1337834
1313524
7191757
1099845
703062
545770
6958524
1035347
1933741
1394382
7075205
1473520
7107028
404785
732719
1197008
1589253
1838684
1531746
1220796
1764443
1583961
704522
1359557
7023758
1513893
1870404
1481214
6950035
1049449
1690259
637456
730245
1551225
1538399
1196099
1304346
1489425
1742129
1535568
481514
1809466
1929255
1689496
1248525
1538554
384905
1701440
1597932
1027877
1398873
1389842
1791457
1683045
1536263
662581
1321903
1381925
7327862
1743548
7276711
7293520
7321455
7321028
7006112
7196815
1741366
6950035
7233042
7105856
7130658
1393384
7306791
7314786
7196655
7249418
7253132
1293441
473011
7309404
7319678
7130458
7137418
7285493
989100
7257865
7306548
1163095
1598559
1300995
1512788
7318348
7294230
1372714
7220013
7298072
1119080
1929255
7247644
7311855
7273195
7313235
7187756
1489425
762024
7316372
7317372
1583961
1633659
545770
7210861
796947
1351706
7088949
1362393
1389842
1480705
7318644
1313524
1791457
1337834
7319178
1644264
1753773
833380
1016414
1049449
195333
7312403
1125080
7196815
7295920
7250049
7286095
7198854
703062
7124056
1603348
1162864
1162269
7245028
7233760
7118877
7233590
1386862
779163
1133080
1690128
1336266
7206029
7179000
447607
1710532
1909438
1890559
7075205
7152733
7165627
786471
780223
7174669
1415116
7151664
1881930
1815576
7145353
7021700
796947
1472759
6959756
1480686
6970118
7081135
6971108
1188381
1137435
1515945
7062771
7002891
7063586
1481214
1815004
1300193
1526820
1273892
1630414
6962698
704522
1035318
1667484
1896818
1242887
1742129
1470439
1823522
1113794
1717678
1597932
1821953
1753713
490157
1739849
1460570
1632188
1004937
1741366
1702447
1293366
1536263
1372714
1790259
1750413
1692866
1701440
1589253
1163095
7329376
7325950
7327862
7313235
1483127
1213266
7285493
775555
7326311
7319863
654980
7318166
146506
7313570
7318464
286386
7298624
7320602
7322014
7314025
7318147
7320313
7104613
7293622
7314734
7319178
7228673
7319575
545770
149241
7102931
7317719
7295947
7196815
7210861
383622
7314567
1922603
7314749
7314724
7306791
7305819
833380
7284075
7288777
7290528
7284508
7278340
7001166
7266986
7196980
447607
7165627
1669552
1738569
1603348
7196655
7250974
7246152
1534660
7246855
7239786
7242491
7243016
6951194
7242246
7238544
1390288
1715049
1153618
1633659
7233590
7200091
6951959
7235623
7233597
1178550
1415437
1372714
1352334
7236392
7318166
7320959
7323688
1736699
7278582
7298624
7275412
7294604
7314786
1313524
7117752
7285493
7314487
7327253
1689496
7326670
637456
7233590
7327242
7292608
1300995
7232299
7295947
7178789
490157
7137293
744520
7309004
7257865
7224768
7324252
7324542
7076319
7320602
7253132
7322878
779163
7320313
7318644
1099845
7320280
383622
1633659
1119080
7283593
7203263
7107294
7281125
1742129
6970550
796947
7309404
1415116
7196815
215339
1362393
286386
1400046
1503361
7250049
1196665
7299035
551934
1049449
7210861
7233243
214231
7311855
1481214
7196655
7138417
1389842
6950035
7229602
7180144
1248525
7257067
1399245
7247644
217336
7168630
146506
7310532
6985733
1589253
1538554
7313526
1807182
7298595
1710033
1386862
7249418
7112858
1741366
1480705
1551225
7239786
1481384
545770
7309004
1536263
7075205
1352334
286386
353362
7258568
7233424
7196815
7180163
7171150
7164780
7151482
7130658
7094371
7029211
7023758
7012405
6947869
6943033
1941689
1928089
1910050
1782977
1745160
1743312
1710033
1693354
1690259
1626218
1583961
1571885
1551225
1542777
1481384
1397649
1393384
1389842
1388194
1386862
1365862
1360223
1357701
1348867
1335092
1334107
1301201
1233130
1220796
1213370
1212413
1212367
1189903
1188381
1153330
1133771
1133717
1127222
1120866
1099845
1092339
1024263
990740
902898
823330
787200
786907
762024
703062
702589
687892
654498
558700
489610
485219
481514
446990
419030
369675
357246
246136
228351
212446
178701
177522
147187
146411
146356
7175882
1589253
7314487
7309404
6951194
7318166
7307180
742615
7213169
7316503
7316757
1062984
383622
7316686
7311855
7313235
7307416
7163112
1791457
7242319
7312285
7312239
1337834
7304893
7196815
7026726
7076319
7311624
7310877
7258745
7299633
7311558
7295470
7309217
838969
1909438
7306938
7267656
7307088
1049449
7253953
7307794
7298595
7308087
1489425
7101156
545770
7276896
7198854
7198718
720769
7156029
1760895
478349
1352334
7119120
7102728
7088949
796947
1400046
1016414
1389842
1553320
490157
7326617
7320313
7307416
7295947
7298624
1300193
195333
146411
838969
7294604
7233590
7304388
1503361
1791457
1741366
762024
7220961
7138255
383622
7255372
7130255
7309404
7107294
7302594
149241
1381925
7309004
7307088
7278217
7284508
1691715
7122276
7266397
7290528
7307292
1213266
7243341
7306291
7120874
1486650
7253132
7306938
7307478
1625098
7128988
7102467
704522
1644264
1633659
989100
7117752
7178789
7305819
7306791
7168630
7127979
7273195
7228673
1608686
7293996
7303751
7295711
7137418
185089
7196815
7305587
7301148
7010789
7304478
7293454
7298589
7275912
1605506
7271238
7298072
7303989
1019411
779163
7167927
7112858
7233042
1016698
1807182
1481214
1248525
7304893
7247644
1098582
1603348
7206356
1753773
7249418
1589253
7075205
1860996
1698874
7307416
7288777
7314786
1099845
1397885
7322582
7320808
1693354
7275912
7198854
7298624
7323001
1313524
7322014
1154241
7281511
7284832
7318644
7318220
7309658
7318348
1415116
7207265
7312403
7313526
7316808
7316812
7313451
383622
7237631
762024
7210861
7304078
7309617
7196655
7220013
7309350
7307698
7253953
7301148
7259622
1691715
7277940
7175785
7203263
7304767
1386862
7196815
7296760
7187756
7145747
1155473
1553320
1398873
7313235
149241
7253010
1625098
7137418
7021700
7294677
1016698
7309404
7278217
1119080
1397885
7306312
7306548
7298595
7134569
1605506
1683045
1633659
7249418
7112858
1472759
98599
7164542
7269584
7275912
1608686
7130458
1352334
1362393
7164780
1386862
7196815
7180144
160064
1513893
1547712
7083759
1551035
7137546
7168630
1597932
6950035
7002891
1551225
1099845
7066456
545770
1389842
1890559
353362
1016414
1698874
7298423
1753773
1398873
7026726
7106147
7180144
464090
7196815
545770
1480705
1513893
786907
1815576
7191000
7112858
7083759
334568
244710
1551035
475851
243630
538028
98599
833380
474830
7312669
7285493
7253132
7295947
7298624
7317334
1603348
1351706
7312639
1372714
7318644
1633659
447607
1608686
1503361
1870404
7233590
7291830
7245203
1531746
1732850
1354730
7126120
1764443
7265789
1415116
213581
7242577
1481214
7244279
7313526
286386
7210861
7205379
7247644
7313235
7254039
1512714
1741366
1035347
1743548
1737345
1163095
7312285
1389842
1099800
7083759
7309893
1189963
1678125
7198854
1481384
398972
1385851
1346348
7312403
210014
7306938
7295470
7233042
1391438
7075205
7046322
7310532
7309658
7306791
7289213
7309404
7273195
7306548
7301148
7307478
1400046
146506
7305587
7220961
7006112
1049449
7284508
1397885
1683045
7191000
7304767
7288777
7164542
7196815
7229602
1753773
1589253
1689496
7267192
7142641
7175006
786419
1171007
7298423
7251553
1393384
1710033
1027877
1503361
7313451
1125080
1461113
7137293
1062984
6971108
7295947
1027877
7312285
7196815
7285348
1589253
7290528
462492
7294677
7299633
7298595
7298423
7251299
1385851
1644264
1391438
7120874
7242319
7246457
6990492
7237631
989100
7251063
7220961
7239786
7248930
7241384
7117752
7119013
1512788
7247644
7257101
7187756
7106147
1483034
7233590
7026726
7075205
6951194
1809466
6951620
1551225
1717678
1590068
1774076
1838684
6958524
1665966
1386862
6959756
545770
150313
210014
7319178
7313235
1539684
7306548
7312669
1337834
7164542
7107294
7026726
7305683
7253953
779163
7046322
815894
1713158
1743548
7299633
1479493
990991
7296275
1293441
7235981
7298595
7076319
7298423
1896818
1894975
7298589
7273195
1698874
1385851
1633784
7290528
7117752
7201512
7146657
1178550
7295920
7083759
7134569
1603348
1589253
490157
7192255
1553320
1644264
7088949
7196815
7210861
7127979
732817
7293012
1415116
1480727
7295947
1273892
1346348
1351706
1035347
7294604
7075205
7002891
1791457
1389842
1016698
1741366
7298624
7320280
446990
7313526
7026726
7308183
7302594
554855
7309404
490157
7295711
1182306
7305959
7303989
1603348
7280991
1300193
7232299
7298423
7273195
7239786
7196815
1049044
7187353
1626218
7203858
1521808
6950035
7180144
1372714
7191000
1553320
7083759
149241
1625098
1336266
7181991
7138417
7174967
1633659
7174022
1000713
1460812
744520
7021460
1838684
6985707
1702447
1547712
1353091
1156560
558700
502874
1115341
1124886
408523
159949
754319
718128
1015527
1162864
699667
177661
835347
147428
806046
942852
806998
688876
769517
839622
732817
485219
835259
478248
191532
7134569
7322878
1386862
7079811
7320280
1922603
7312403
7306312
1644101
1608686
7233590
7182216
7311855
1397885
7130458
7306791
1415116
7249418
7304767
7306291
1016698
7001884
7298595
7117752
217336
7294677
833380
7294230
1633659
1807182
1603348
7196815
1678125
1019411
7112586
7247644
1389842
7257865
7221579
7112858
1391438
7178789
1512788
1420521
1393384
1741366
7239786
447607
545770
786471
473011
1480727
1536263
1372714
1372942
7117752
1782470
7269584
1313524
786419
1420521
1929255
1019411
7136440
1539684
7196815
7229602
1385851
1751661
7273195
97515
762024
481514
7309004
1503361
7325990
7299035
7325098
7294604
1483127
7327253
7285493
7326311
7320602
7324252
7303751
7107294
1644264
1163095
1603348
1035318
7179824
353362
6970550
786471
1598559
1293441
7313235
7309404
7273195
244710
1321903
1791457
7305683
1373939
1385851
7249418
1481214
7088949
1115341
1119080
1743548
7251553
210014
7196815
1597932
1099845
1547712
7250049
7268210
7262528
1496149
7239786
7233590
462492
1248525
7175785
7250620
7112858
1807182
7203296
7247644
7242657
7244279
7241384
1386862
7221822
7203445
1479493
7045753
1479696
1933741
1244331
7185010
7145747
1741783
7060440
7132722
7112959
1809466
7102728
1352334
1678125
226172
1372714
1536456
7118309
7140157
775506
6988430
7062771
6990158
7066456
1393384
7106147
7083897
1896818
214231
1922603
6950035
1539684
1551225
1870370
7253010
1397885
1603348
7298423
7001166
7290528
550437
7196815
7284508
1788385
654980
1519782
7191757
938079
7124056
7083759
7228673
7239786
7203495
7233590
1821953
6950035
839565
1372714
178701
1538554
6992856
1332075
806753
7139694
307816
1589253
1461113
1745449
1815576
477963
1016698
1521808
1353502
1553320
1188381
1196099
1321903
1823522
1489425
1909176
1119080
1486650
6958524
1300193
1293366
348068
1125080
1905453
1535568
1685955
1608686
704060
1480705
1389842
243630
1373939
1287025
1114957
1196842
999981
1507159
1099845
1154241
1420179
447607
786907
719992
7309404
1389842
7306291
7247644
1633659
833380
1890559
1480727
7294604
1603348
7196655
1397885
7290528
7233590
7196815
1751661
1791457
1300193
6951882
7174669
775555
7267192
7001166
7278217
1035347
703062
1927015
7203263
7273195
1351998
7267767
7130255
7165627
1751661
1016414
1119080
7196815
210014
1397434
1163095
1346348
7203495
1505891
7010789
348253
7006112
1372714
7191000
1489425
1352334
1894975
1294149
1745449
1685955
1480686
1515945
1403798
1300193
7029143
146506
1099845
1690259
6989078
7198006
1551225
7146364
398972
7152733
1381925
1789487
1351706
7075492
7118877
178701
1248525
7180144
1479696
7156476
786907
6951620
1162269
989100
7200091
98599
7198494
1480705
7174022
1211061
1162864
195333
6950035
7196192
7130458
7174669
1196099
7075205
1481214
7138417
7198854
7026726
6951194
1359557
7196655
662581
1386862
1393384
1933741
1322512
7196703
7119120
7192255
1000713
1688898
1362393
1626218
1678125
1752043
1542777
7184874
7316686
1870404
7314786
383622
7298624
7312403
7317562
1294905
7130255
1372714
7304767
7124093
1678125
7277940
398972
1381925
1300566
7306291
1287025
7249418
7303509
7306264
7298423
1905453
7304893
7106147
1479493
7162502
404785
7271238
7101156
1351706
1764443
7290528
7075205
1737345
7257865
7290374
446990
1715049
1633659
7288777
1505891
7174669
7146657
1751661
203669
1539684
7265138
1293441
1196842
1743548
7267656
7233590
7283593
1685955
1125080
704522
1743312
1461113
7117752
1774118
7221538
7286095
927874
7144791
1099845
1760895
7239786
7163112
7134569
7122657
1162269
796947
7232299
7196655
185089
1337834
1359387
150313
7269584
1372942
7112858
178701
1741366
1098582
1176733
989100
7164780
1386862
7196815
1385851
481514
7281511
1346348
7246506
762024
1019411
1583961
7006112
1385851
7198854
1870404
7285348
7289099
7288467
1929039
1551225
6990492
7196815
7174669
7267767
742615
1512788
1894975
1242887
7024078
6992264
1413203
6991831
1337834
1683045
6990724
6960740
6966228
1797673
1294149
6988678
1516593
1935137
6986736
348068
1724291
1692866
488083
1864399
1381925
1391438
6962698
1525593
1154241
1791457
6951620
786907
6958524
1809466
1523987
762024
1689496
654980
1737345
6959756
1923090
1028833
1943399
1630414
1548916
1027877
481514
1185332
1882118
1127235
1099800
1395020
718498
1660748
1417136
472340
1516183
1124309
662581
1016414
45878
1163095
1446422
1161546
1189963
833195
1321638
642268
982901
538028
243630
336476
812027
816889
990987
491696
867834
744560
994275
770071
823330
762685
203239
7130255
353362
246136
7269584
1571885
7288777
7247644
989100
7291736
7284508
1213266
1385851
7196815
1175629
1583961
7029211
474285
7083897
848193
1741783
7075205
7162275
719992
1351706
7023863
1894975
1644264
7137293
1163095
6961843
1713158
545770
1178550
1480712
1125080
1016414
1360128
816889
146411
1760895
1089847
1782470
1220796
1381925
7145747
1000713
6943444
938087
1922603
1737345
1242887
1413203
1414016
1551035
1678125
1163031
6951194
1692866
1515945
1299591
491696
1380415
922936
1503361
197455
1145802
786471
1294149
1127222
1027877
1293366
1597932
1446949
1386862
1365684
419030
1588298
1359387
401178
993021
1502550
348068
1004959
1305597
718498
1299992
369675
1118476
1539684
7211053
7203263
7299035
7327697
7327862
7309004
353362
7326311
7137293
1196099
307816
7221538
7253132
7298624
1753773
7196655
6951620
7284832
1603348
149241
1562591
1188381
7239786
7298072
7311855
1163095
7313235
7130255
286386
7305683
1399245
7288777
7165627
1551225
1099845
7196815
7267192
1313524
7233590
6970550
203669
7083759
1248525
1351706
1372714
1690259
6951194
7220013
1538554
7191757
833380
7138417
1400046
1385851
1300995
1515945
1513893
1571885
1049044
1294036
1597932
7006112
7112858
7075205
1760895
1016698
477963
1542777
902898
848193
1398873
1168745
1678125
1415116
637456
146506
662581
1397885
1357701
1354649
1372942
1896818
1922603
1480705
1547712
1791457
1350940
1381925
1386862
1505891
1293366
1626218
786907
545770
1685955
7328180
902898
7327009
7322683
490157
7198854
779163
7308131
7321665
1119407
7321221
7321028
7320280
7320313
7319899
7319575
7314786
7318530
7317372
7317334
7307292
7293454
7314734
7244279
7191000
7130255
7304893
7309217
7309404
1689496
7309004
7305683
7306548
7275912
7305546
7304019
1678125
7124093
7076319
1397885
7294604
468473
7288777
464090
1480705
592088
286386
7191757
7290528
7196815
7203495
447607
7268017
6970550
7088949
7010789
7112858
1162269
1049449
7174669
762024
1489425
7138417
1589253
1551225
1894975
7266986
1162864
7205379
7187756
7220403
1741366
7176934
835259
335440
1372942
1135579
1800372
1690259
7004484
7075205
791147
1294149
481514
7006112
833195
1630414
1351706
1452435
1823522
1359557
1702447
1099845
1447496
1608686
1372714
1133228
1016414
243630
446990
7130255
212446
1386862
7196815
1823744
7262528
7270173
7250062
7247155
1583961
477963
7047287
1536263
7205215
7210292
7198006
1690259
481514
147187
1815840
7176934
7198550
1000713
545770
7198854
7148126
7198494
1127222
1911162
7176768
369675
1716580
7185010
7172744
146411
7112858
1398873
7162275
1549576
7164542
7119120
1633659
7175173
786907
6971108
1382721
7151370
1669552
1896818
1809466
1855890
1548331
7168315
796947
7130458
1542777
7106503
7073177
1741366
7095057
1515771
1538554
7165397
1535568
1739849
7107565
1352334
6950035
1742129
1605506
1414810
7025224
553908
6955803
6961843
1702970
1380315
7128988
98599
7142448
1481384
7120696
7045753
7120874
7159963
1472759
1793223
1830518
7156386
7157455
742615
1773300
1782977
7273931
464090
7266574
718128
7134547
7272044
7269970
7264383
217336
7088949
1016414
7196815
1393384
7273195
1741366
7248018
1815576
7270633
1397885
7240271
1823744
1188381
754317
704060
7226517
7226956
6985733
334568
1809466
98599
7239786
1359557
1273892
178701
1386862
7265153
1098582
1571885
7267683
7246506
1555480
1391438
1690259
1385851
7269817
7130255
7287612
1751661
7288777
545770
1397885
1385851
1119276
7277323
7006112
7191000
7277048
1461113
7196815
7247644
7203495
1741366
7246152
7026694
1359557
464090
7197964
742615
334568
7246506
6944621
1049449
7138417
398972
7187756
7266281
1162864
7313570
1741366
7309404
7313235
7312403
7312182
1372714
7305587
7303989
7304019
7215365
1890559
7295947
7249418
1000713
7175785
1515771
7124093
1481214
7288777
1385851
7273195
7275916
7221579
1163095
203669
1512788
545770
7247644
7280991
1391438
1830518
243630
7220013
7196655
6950035
7242477
7196815
7298624
7318644
7232299
383622
7313526
7298423
7312285
7313235
7314216
7312403
1127222
7311855
7306548
1163095
1480705
7308131
7029143
7265609
7303357
1480727
7307478
7306791
7275912
7253953
1505891
7304767
1753773
7251553
7298595
7288777
7290528
1519782
7165627
7246506
7196815
7002891
7117752
178701
6970550
7210861
1791457
217336
7106147
7247644
1352334
1815576
1512788
1393384
1300566
7233590
7112858
7237857
1896818
7221579
1016698
7233289
1313524
384905
7288777
1313524
7267192
7161077
7284508
1751661
1273892
6950035
7249535
1715049
7148239
7221822
7242319
7246855
7196815
1483034
7250062
7152733
7019622
1483127
7236869
1542210
774347
1685955
1710043
1701786
1592302
1395425
1190361
384417
384557
256443
401390
198372
377640
394059
154885
199223
255016
384208
7130255
1472767
1483127
178701
7069083
7253405
1738569
7196815
7138255
7243658
7223509
334568
7303751
7284508
7113866
7298589
7296760
7248470
7293622
1562591
7303785
7174876
7300661
7249535
7269584
7299633
1603348
7298423
1480705
1738569
1685955
1350940
1294036
1512788
7201512
7066456
7196815
7177103
7210861
7167588
7180144
1098582
7233289
7246152
1293441
7203263
7213169
7225421
1480712
353362
7164542
6970550
1351706
7196980
1391438
1690128
7242657
1698874
1397885
7107048
1909438
1013598
7168630
1896818
7197451
1690259
7112858
150313
1589253
1669552
1701440
1531746
775506
6973567
7174669
1479696
7206226
7083759
1415116
1489425
1626218
1337834
7075205
1753773
7183495
6951194
1016414
7088949
7106147
786907
7136263
1386862
1016698
7026694
1285489
7198854
384905
1049449
687892
1713158
1536456
1556451
1809466
1313524
1311503
7318166
7316002
1737345
7311855
7249418
7314216
1049449
7313235
1480705
7289555
1016698
7295470
7299633
7311624
7309217
7266397
7306264
7046322
7305546
7306938
7243341
7306548
7305819
1683045
7293622
7280991
7304767
7304019
7303000
6990492
7298595
7124093
732817
7294400
7023863
7273195
7255878
7287612
1929039
7198854
7267192
7279174
7267767
7165627
6951959
7117752
1357701
7083759
7236847
7066456
7247012
7257865
1481214
7239786
1123071
1751661
1738569
7259127
7029143
185089
7251553
7226517
7247182
1603348
1359557
150313
1019411
7258210
1389842
1807182
1393384
1208525
1162864
7198006
7250620
786907
1386862
769447
1461113
7228673
7220961
7181774
1125080
210014
1753773
7002891
149241
1626218
7191757
7075205
7233590
1809466
1397885
7196815
1512788
1099845
1125080
7285348
7207265
1398873
7210861
1929039
7306291
7298423
7124093
1608686
833380
7265138
1539684
1737345
7112858
1513893
7006112
1019411
7267192
7278217
1393384
1357701
1386862
353362
7273195
7047287
7251553
1016414
1359557
7267767
7250620
7245960
1745449
989100
7239786
7231707
990991
7174669
1300566
1352334
6951194
7117752
7250062
7223509
7228673
719992
7246457
7187756
1337834
7226956
1307710
7242657
7228882
7247644
7203495
762024
1747190
7112130
217336
7135874
7075205
769447
7246336
7137293
7029211
7243707
7197176
786907
7197451
7030541
7138417
7192255
7176249
7136263
1196099
1098582
7164542
7101156
1013132
6970550
7245993
7088949
1894975
1472767
1313524
1049449
1760895
1933404
1689496
1480705
1481384
7196815
7221579
7233289
7152733
1389842
7182216
1483034
7224768
7264383
7311624
7311855
7310219
490157
7220013
7253953
1633659
7117752
7305683
7083759
478248
7106147
149241
178701
7298595
7290528
7249535
7288777
1698874
7239786
7221579
1035347
7191000
1389842
1603348
1626218
779163
1300193
416492
98599
7011620
1678125
1479493
1738569
1483127
7196815
1352334
1188381
1133080
7118877
7206244
1385851
786471
1211061
1016698
1398873
1741366
1644264
1838684
7191757
1633784
7124056
1000713
1791457
146506
7088949
481514
1760895
7196655
6971108
7138417
7122276
1605506
7198854
7167588
833380
545770
7152733
1743548
1894975
1929255
7126120
1481214
637456
1386862
1513893
7026726
1098582
7102467
989100
1016414
1753773
1536263
1710033
1473520
7130458
7019622
1551225
150313
7174669
7075205
7029143
1741783
7196815
7244279
334568
7213067
7233932
1690128
1922603
1188381
1389842
7162275
7119013
7213169
7206226
1098582
7066456
1883058
7062771
7002891
7025097
7094859
1823744
1397885
1019374
7081135
7089477
7107028
7024528
1553909
1809466
1413958
1515945
1248525
1209052
7063586
7101252
1357701
654980
7008791
7088949
1127222
1480712
1860996
1481384
1630414
1589253
1741783
7080236
1830518
1294149
1403798
1747190
1372942
87851
7026159
1791457
1027877
1489425
1351706
1535568
1690259
1551225
1608729
1337834
1934101
902898
1481214
967836
1692903
1393703
6972978
1359557
1386686
1911162
1751530
348068
1542777
1099800
6950035
6957883
1353350
7164780
1248525
6950035
7306548
7134569
7313235
7221554
7253010
7313526
779163
7306791
1764443
1415116
7253953
244710
7130458
1929255
1590068
7257865
447607
1603348
833380
7288777
7180144
7284508
185089
1300566
1626218
7273195
1519782
1480727
217336
1398873
1397885
1791457
210014
1162269
7165627
1685955
7196655
464090
6970550
7246506
1123071
1163095
7233590
1362393
7247644
1353502
7175785
1386862
1589253
7191757
1512788
989100
7223509
1690259
7112858
1633659
1505891
7106147
1385851
1372714
1753773
1807182
7088949
1393384
1743548
1481214
401178
1352334
1099845
1133228
7026726
6951194
1751661
7237631
1119276
703062
7221579
146506
7191000
1016698
178701
7124056
7006112
1930435
7196815
7117752
7232299
398972
1553320
1391438
7083759
98599
1098582
7293244
1603348
7309217
7243616
7289251
7076319
7295920
7288777
7226956
1605506
7257988
7191000
7165513
7245028
7235623
6951194
7107048
7196815
7023863
1633784
7187756
7190242
7239117
7232299
7236948
6970550
7235058
7205379
7213169
815434
1823744
6960740
7118877
7206889
7190458
7109274
7192255
7209950
7124056
7208580
7203858
1890559
7047374
6951564
7203716
7191757
7174967
7205215
7174022
1815576
7202701
7201926
7198718
1598559
1222105
7137546
1372714
1741783
744520
835259
7185010
1547712
7164542
1513893
1929255
1351706
1227118
7198854
1753773
989100
1739849
1386862
7327697
7325950
7326727
7104613
7175882
7253132
7320280
1293441
7309404
7311855
7010789
1512788
1710033
7298423
7187756
1633659
1049449
1337834
1313524
7253953
1480705
7075205
7306548
7303751
7284508
1303291
7280991
178701
1678125
7275916
353362
1791457
7083759
7117752
7112586
1385851
7239786
1211061
7246457
7006112
1393384
7026726
7106147
7233590
1389842
7088949
1386862
1229378
7220013
7196815
786907
7004484
7138417
7130458
1929255
7059101
7152451
1626218
1531746
1359557
637456
1321903
1300995
6985707
7164542
118118
1513893
7164780
1248525
730245
7192255
7102467
6951194
1035341
7152733
1016414
1894975
6950035
1633784
1346348
1481214
146506
1461113
1690259
1838684
98599
7174022
7118877
1125080
7191000
1489425
1753773
1551225
989100
7174669
7323688
7317334
7309404
7134569
195333
7313235
1389842
1922603
1163095
7318166
1480705
7210861
1743312
1589253
7306548
7299035
1536263
7294677
1633659
7228673
1300566
7182216
7168630
7247644
353362
1791457
7196815
1321903
1481214
1123071
1351706
7220816
1359032
7026726
1551225
1742129
1513893
7174669
654980
1304346
1597932
1398873
447607
6971108
7137418
149241
1741366
1489425
1710033
7075205
1016414
786471
1381925
7088949
1833697
1313524
7029143
1415116
1644264
1690259
1929255
7164542
7304767
7244279
7210861
1337834
7130255
1313524
7288285
6955643
7278421
1300566
7247644
7226517
1211061
1551225
7227236
7187756
7181774
195333
6951194
7246152
1589253
545770
7252307
398972
762024
1013132
243630
1000098
1689496
226172
1125080
7223509
353362
7226959
1346348
7152733
7236778
7247985
7006112
1502685
7233289
989100
1481214
7238194
7246464
7230281
7245895
7242657
7245296
7241384
7242491
7202737
7197451
1690128
1447496
7233042
7239117
1516593
7236212
7196815
7220403
7119013
1403674
1359557
7228800
7102467
7205056
1371468
7229513
7205411
7167369
7213067
1815447
7205818
1683045
1208525
7181110
1027877
7207673
7213169
7161077
1929039
7207463
7156077
1328083
7107048
1351706
7166430
7020031
7168630
1710033
1836091
7019520
1389051
1894975
7294191
1300566
1519782
7248930
1133228
7102931
7203495
989100
1838684
1741366
654980
7233590
7250049
6970550
1133080
1678125
1782470
1332075
7196815
1115341
7130458
7205776
6980848
383622
481514
7144791
98599
1867539
558700
1242887
786664
1698903
784510
1354730
775551
1229160
1171483
178701
1478634
1378347
1004354
239638
1183299
1299992
159230
1118830
1304328
1035213
473011
461392
1002993
744266
839761
149241
113920
474808
668361
463952
755516
776629
738220
683160
720056
759213
593704
467871
673310
475832
373775
481695
7327242
7221538
7320602
7319829
7295947
7298423
7142641
786419
1751661
6951959
7266986
7219232
989100
7117752
1098582
462492
7247012
1211061
7237631
7247704
769447
1398873
7224768
7029211
7181774
7006112
1738569
1479493
7226517
1472767
7221579
7193537
7242657
1035347
1400046
7198854
1352334
7107028
1300566
1815576
7220961
7228673
7101156
1764443
1741783
902898
1294149
1807182
1909438
7088949
147187
7046322
1313524
1197008
1127659
7174669
762024
1362393
786907
1603348
7177103
1389713
1357701
6992856
1133080
7223509
1551225
7030541
7196815
7161077
775506
815434
7205411
7168630
7165513
7198006
7120874
1710033
7205379
1119276
7192255
7206244
7201512
1027877
7225421
833195
7178789
7187756
1531746
1359557
7119013
7112858
6955663
7143283
1753773
7213067
1589253
7309404
7307416
7324252
1372714
1163095
7298624
1155473
1480705
1608686
7321221
7292608
7317334
217336
7313526
7306548
7306791
1393384
7267192
7182216
7304767
7174876
383622
7311855
7308050
7249418
7294604
7273195
7269584
149241
7130458
7290528
1791457
7298595
7284508
7306312
7298072
7134569
1162269
7010789
7253010
7301148
244710
7294677
1751661
1713158
7254039
7145747
7221579
7236869
446990
1553320
7011620
7210861
554855
1115341
654980
7233590
1710033
490157
7106147
1909438
7112858
7196815
447607
1481214
1415116
7180144
178701
7112586
7138417
1896818
1293366
7083759
1678125
7002891
1016698
7026726
550437
558700
1389842
1381925
1466746
6971108
1513893
1743548
1398873
786907
1790259
1789487
1905453
1480727
732817
1597932
1625098
1833697
7233590
7309004
1163095
7306264
7306548
7299633
1397885
7295947
7294677
7220013
7294400
6951959
7288777
7283593
7221579
7203263
1519782
1743548
1244331
7262528
7247012
1922603
7254039
1119407
1119080
7107028
1337834
7165513
7183495
1352334
7226517
7246152
7250062
1294036
7248785
1305597
1512788
1372714
334568
1386862
7203495
7237094
7088496
1747190
7213169
7221822
1196665
1554631
7196815
1313524
1896818
902898
7206226
765735
1479493
7203858
7180144
1551225
7075205
1542777
1626218
7198854
1753773
7196703
7191000
7175173
1536566
1211061
1515771
398959
1362393
7150689
7144791
576082
1930435
6990158
7029143
1359557
1795514
1393384
1489425
6943033
7112858
6988430
7121076
7023758
545770
1823744
7029211
7073585
7081135
7030541
7002891
1016698
1630414
1556451
7285493
7175882
7320280
1644264
7301148
7318166
7318644
7102931
1389842
149241
7311855
7239786
1385851
1690128
1512788
7310532
1922603
1480705
7309404
7303751
7298423
1213188
1760895
7106147
7088949
1531746
1838684
1929255
1461113
7250062
1589253
1211061
1229378
7221538
7197451
7187756
1905453
7246152
7196655
7137293
98599
7122276
7177103
7198854
217336
1027877
7130658
786907
7161077
1359557
1196665
7233590
7107028
7138417
1372714
7167320
1894975
1248525
1403798
7206356
7142641
6985707
7196815
7174669
7126120
1896818
1551225
7167588
118118
1300995
473011
989100
1481214
1119276
1337834
6950035
1016414
1710033
7046322
1909438
7152451
7130458
1626218
637456
7006112
1099845
762024
195333
243630
7219232
1351706
1678125
150313
6951194
1513893
1690259
1753773
7164542
1489425
7130255
1481384
7267192
7298178
732817
7267656
7265609
7165627
744520
7112858
7179879
1690259
7203263
353362
7180144
7203858
1223816
1481214
7196815
7122276
1571885
1035347
1163095
1331817
1480727
1605506
1321903
1489425
1745160
1717678
654980
7119120
1098582
719992
7118877
1388194
1397434
742615
7021700
1398873
189642
7134569
1538554
1381925
833380
1625098
1870404
7094859
7151664
481514
398959
7002891
1220796
1741366
1515945
1351706
704522
6994460
7083897
419030
1385851
1626218
7081135
786907
1300193
7075205
7001166
1035318
1299591
1529736
1530992
1163031
989100
502874
1418670
1188381
762024
1192896
1137496
1125080
7242577
7298423
7146657
7233394
7205379
6971108
1479696
1222105
7206226
1633784
1833697
7206029
7205215
7208580
7190359
7075492
7174979
7198718
7196815
1389051
7154105
7119120
7026800
7117752
1223816
7146824
662581
1933741
7192255
1688898
6992856
1890559
7195497
7102467
1350940
384905
7073177
7164780
7130658
7046322
1016414
7083897
1785040
1933795
7019881
796947
1480727
1300995
1685955
838969
491696
1732850
7134569
6989078
1394382
1782977
1331817
7165627
1089847
7191841
1515945
478349
7066456
1315339
1273892
7130458
775506
1168745
6951959
1737345
1313524
7189569
7175173
7025224
7167320
353362
7119388
1328083
7187877
1285489
7162164
6986264
7002891
1385851
6951620
7107028
1300193
1702447
7168630
1386862
1538554
1033094
7102728
7181991
1716580
1403798
7323428
806058
7309217
7303751
7308634
7305683
7215365
1613276
353362
989100
1894975
7273195
7168630
7165627
1125080
217336
1512788
1480727
1176733
1753773
1301201
478248
1016414
1480686
1823744
1737345
1162864
462492
7257988
1337834
197455
384905
334568
7233243
1742129
348253
7137293
7141239
1385851
7010789
7250062
545770
1760895
1415116
1597932
195333
7198006
7223509
1929255
1293441
7196815
7138417
7196655
7220013
7180144
1551225
7002891
7152733
1163095
1386862
1114957
1605506
146411
146506
1359557
473011
1351706
1838684
762024
6950035
1930435
1099800
1473520
1678125
1830518
481514
1480705
1741366
6951194
491696
1896818
1478053
1626218
1346348
1809466
1489425
1589253
1542777
239638
1220796
1590068
1536263
1481214
1461113
