1463102
1462787
1483351
1475182
1478066
1478067
1478068
1478069
1478076
1478079
1478081
1478082
1478088
1478090
1478091
1478092
1478095
1478096
1472041
1472001
1464034
1033743
1414018
1470537
1469943
793588
1467880
1259456
1370095
1467467
1471056
1470417
1443081
1377472
1351535
1451243
1402664
1340310
1435868
1356608
386420
468444
1243318
1418400
1425869
1434768
1406063
510475
1215139
786818
671641
188305
1165173
1404508
872054
942599
339204
335979
1380407
1378505
1462437
1352784
1366692
1457069
1427089
1462143
1450475
1413018
1459358
1351700
1461279
1466509
1352975
323261
1469455
1489387
1489880
1488878
1453905
667612
1488253
1483439
1486285
1487801
1059000
1370095
1487192
1486964
1486892
1485171
1486386
327696
1486882
1443833
1481859
1165173
1486261
1351700
1485917
1485614
692232
1483000
1485187
80537
1472624
1484721
1138182
1462428
1463505
1450639
1232552
1480391
1484909
1451117
290347
1238861
1378505
1215139
1353598
1406063
468444
665776
1434955
1015613
1243318
1338388
1164204
1439710
1434768
1439805
1438844
1413018
1481937
618477
1352784
1259829
1366692
1484405
1418400
684558
680341
1352975
1483428
1475178
1478956
1484259
1475182
1473117
1323406
1402664
1463102
1462437
328392
1425869
36736
1481622
516903
1483351
942599
1356608
660432
1455432
1428799
1478442
1487959
1487801
1487922
1468287
1479908
867216
1394234
1377472
1481007
1404508
1113263
1138182
692633
1351700
1439710
1485187
1232552
1117512
1484721
1470885
303291
1378505
1215139
343974
857990
707191
469116
723095
542618
1452932
914112
1439805
795348
448995
1483428
1425869
328392
1472624
1473117
1323406
1413018
1363125
1462428
1460196
1462437
1454394
332116
1338388
1380407
1451243
618477
1406063
853524
927935
335979
875356
516903
1438844
1475178
1340310
1259829
1481622
468444
1480617
760822
660432
1165173
1467454
1475182
386420
1352784
1356608
1480391
1434768
327696
1243318
1402664
942599
1481544
1418400
1462787
1482564
1352975
1463102
1481937
1468287
1462787
1457109
328392
1483945
1483947
1483946
1483905
1483951
1483953
1483954
1483961
1483943
1483960
1483963
1483959
1483965
1483967
1483968
1483970
1483969
1483971
1483973
1483974
1483976
1483978
1483982
1483985
1483938
1483986
1483988
1483991
1483992
1483993
1483428
1376729
660432
1402664
1478442
1483351
1463102
991638
942599
1243318
1418400
1479908
468444
386420
1425869
1481937
853725
1352975
1470537
1418400
1473557
1459718
1473219
1425869
1473117
1452932
1471410
1472427
1243318
1472478
1460196
1413018
1463102
330176
1471510
1450475
1470417
1472099
1464034
1467880
1434768
1467553
1462437
1472041
1468287
1453864
1352975
1403060
1469943
1464006
1461561
1464482
1407606
709557
1385615
1449327
600947
793588
927935
1138182
1378505
1466509
857990
1165173
1297082
947152
1410708
473495
1356608
853725
574064
1414018
1250752
1414670
1461934
1464612
665776
81491
786818
1455432
1223699
1366692
903451
1259829
1351700
1387628
308036
1340310
1463123
1451243
1443833
1424621
286636
1462428
1353202
1461292
1424098
1453797
1352784
1376729
872054
1259456
942599
1439710
1453955
1377472
1465195
317602
584169
1348521
1452932
1457150
1352975
614255
1465010
1463917
1457069
1464577
386420
1428799
1242577
1402664
468444
1000280
1404508
1427089
1462143
1450475
1459358
1462054
1456142
1455363
1370095
1413018
1425869
1478442
1473117
1468287
1464034
1471510
1471056
1467880
1470417
1454394
1439710
1462428
1425869
660775
1435868
1421177
1363958
634644
867216
1015613
1326076
1176442
1103038
1303802
668988
1290545
306805
1315299
582287
1298299
1272167
1311935
1291062
755136
1295317
1176073
927935
853524
1170911
1191430
360576
827010
1171688
1137760
1184819
1169107
1074485
516869
1168229
1170060
900669
889452
1124882
799555
1167678
1134825
1157109
1034189
1113733
1160502
804318
1138182
1000280
553604
1129585
1108669
884230
1065250
825320
471852
795348
1056632
1022587
942599
973354
915631
1040919
558636
620349
987024
1031946
1049912
869890
36736
1044087
884736
1039792
1040880
1041666
807094
1039999
1009085
1036495
992032
1026960
943725
511718
409484
1272803
343855
906124
1380407
804324
1439710
872054
1358481
1462428
867216
692232
1352975
332116
1