779161
865883
838164
730484
839904
660715
839501
829162
486926
707780
811740
859882
832638
802051
799700
847510
850217
750114
851149
366572
479735
801166
536195
829157
857384
810539
781625
785448
826353
848970
860694
858276
29345
722405
809442
352428
720738
802997
711023
850365
856826
533019
844767
801712
795611
328453
714057
619152
792966
795308
8489
770466
488749
738060
731218
524778
548223
788277
767249
782676
786066
786094
787770
702589
506444
760792
449441
780348
558117
783141
777024
785361
771272
70847
87447
697482
768893
765315
773459
541486
778911
548677
751862
711556
541388
330935
772799
779566
942676
936495
935942
705922
916886
748106
932011
933884
911711
920526
571888
868949
928831
922614
926465
916272
892575
901534
893448
908837
922624
930917
929700
788307
922851
924191
894488
720738
858123
682907
536195
856933
887247
874385
860080
292851
486513
873190
862315
506444
111974
800035
770466
753703
508749
708117
859490
275431
802682
527325
479735
696273
806777
847721
702589
758944
850698
818226
809518
848970
506530
478403
755250
765315
305217
801386
764132
768893
778754
818064
552545
711023
681841
827448
366572
396923
834081
546048
826353
286682
750114
835509
689201
829157
802051
801166
787770
758034
820311
798797
524778
787970
682058
791588
753184
781625
760792
764204
720738
396923
845732
759813
502135
822794
788007
827338
806777
524239
811740
816206
814614
552044
366279
798793
802997
729130
799453
40307
561133
275637
702589
805365
471364
506444
617096
507658
751709
794906
789303
782676
459705
784967
783141
227830
782879
10066
541486
779566
723456
773459
775347
779574
8489
711023
553487
747197
668865
223069
546338
273768
777642
769885
709024
540662
655901
763307
602370
760792
770466
774117
773164
770769
770917
764003
752214
764963
757616
466040
326774
760225
756777
753025
753462
722938
668215
551165
711556
740784
745696
596160
660872
709273
471400
736007
446003
743285
658492
712701
722824
541388
712263
729678
426901
891618
823691
867141
801807
779161
848970
815673
486513
675268
842622
846542
827448
787770
818064
366572
506444
770466
834756
840097
840999
840166
840244
838164
787970
678770
779161
788007
790952
772877
541603
480168
783427
694415
785015
330935
751862
785347
111974
273768
659307
506071
875358
876875
18159
877243
711023
871725
723479
506530
786094
366572
749958
857384
857110
868142
802023
693882
753184
328453
708117
802051
779161
292254
785390
815673
801807
854655
848970
850769
856312
847721
764204
801933
856933
827327
506444
464564
17948
675268
755250
520378
617702
770466
806777
800035
479735
768893
832638
846772
834081
639265
720738
670617
825944
765315
809518
681841
702589
741164
845732
832322
844574
844561
758944
617096
731991
842929
223069
704144
548223
781625
787970
689201
818064
553487
823793
838164
826353
272587
820828
836584
286682
829157
810107
887876
868873
879451
489714
853837
870821
861887
691602
51793
861590
475418
779161
857863
681841
829157
856602
856933
857110
854731
855849
223069
853894
852658
853619
852574
852033
842562
850590
851903
87447
840996
850647
851009
851511
851461
851298
842047
816302
844351
850191
846200
850365
848855
849299
791676
840206
846789
806324
849043
848948
845446
462100
848042
848372
478403
847510
58768
641365
847821
486926
352428
846650
846735
847132
846902
846918
842929
846489
846861
806777
846989
846542
842147
845732
846714
845682
845127
845971
846106
303962
781056
809353
558117
682058
839476
833290
305217
843859
841821
804611
841265
787970
536195
813620
753149
917267
911055
684079
752568
890958
905570
905400
900528
892285
761914
895349
826353
860080
758034
887247
876989
546338
29345
864522
863499
849444
708117
837810
58768
273676
828397
696340
786094
822986
814620
667555
805732
769790
109930
803898
331837
771272
792966
795133
539952
483878
749361
781454
292508
779161
765315
543585
751286
449441
731991
758944
639004
578328
711023
748106
692228
689905
136109
486747
352428
167944
625852
551166
491081
366572
384339
17948
553487
504278
583484
509964
362946
501171
384696
621993
665192
645892
662623
387730
292851
536195
7700
508749
273768
902292
459424
898407
619840
493164
894492
506614
891160
893103
758034
860080
880768
881588
864388
326774
650322
856330
862315
869878
753184
867092
834081
831343
808917
798592
854452
844574
852658
849114
838734
848948
831513
846735
842622
842560
846714
508749
568690
802997
836584
760792
598667
548223
804611
833555
459426
667555
495820
828898
407281
765277
771797
760225
756409
826024
823474
820311
788585
804597
303798
770466
223069
491853
514662
48899
330198
782676
821487
809342
819045
723456
462100
331837
786066
352428
769885
809518
819353
749648
805986
815824
806777
696273
503408
817739
787970
730484
813620
366572
805732
809442
862315
853619
548677
855761
803898
425415
850698
524778
352428
850277
558117
850217
822657
781625
847996
478403
822986
848722
838734
823618
781056
849976
775352
849114
850055
571888
810539
845732
850030
842147
836371
819024
841678
796608
805633
798592
763307
840926
834081
330935
847721
846735
816782
731218
486926
827970
818226
845609
844101
484085
839145
802682
729144
804264
475198
842562
326567
419670
831586
836584
804611
802997
641365
846519
788112
827293
835637
303962
479735
844351
845667
843263
569031
837443
843979
845971
536195
802791
842249
788277
842622
844561
839501
834380
703592
817772
809353
829162
767249
840646
908119
939323
939562
723479
926465
936065
933607
931701
929227
658492
901534
890958
874385
858123
907092
571888
887158
884743
772877
878526
877312
873190
459426
48813
905400
852574
901330
894488
744462
786094
673731
878994
330935
836218
693882
752568
887247
463809
868142
493164
708117
867995
869299
767249
818226
844574
839501
524778
848970
8489
675268
804302
755250
445919
834081
842249
781625
508749
704144
800035
838164
831501
823474
536195
806777
803898
670617
765315
768893
826353
479735
801933
801386
682058
462100
450327
541486
801166
682907
416179
696273
352428
747890
553487
802997
810539
806495
787970
447435
776191
805732
782711
506614
667555
751709
770466
275431
804611
764132
873190
842929
682907
836584
681841
828898
533019
803535
800151
541603
924373
932752
847780
366572
836218
330935
787970
856598
920978
908508
726024
892755
918309
913283
931640
705922
758034
931157
923182
273768
931343
683250
858854
770466
916272
929948
904701
913666
752568
858507
918099
908837
809576
772877
447435
87447
847721
304050
786066
40645
272993
810539
506530
767164
838164
895195
681841
826353
892970
835509
450327
88079
802051
863326
861324
818226
874385
875358
292851
765599
869931
542366
675268
869299
864501
802682
647786
786094
508749
871364
827448
711023
536195
305217
851938
682058
713775
852033
765315
237420
845560
478403
843859
846735
617096
506444
294134
801386
900815
524778
917723
895580
827448
273768
889824
349016
873190
916272
874385
887247
787970
926465
744462
765315
800035
904701
907137
772877
571888
786094
890258
758034
753703
900528
869992
829157
826353
802051
667555
682058
838164
800041
617702
553487
702589
749958
875153
868121
866963
768893
856878
804611
851938
536195
851009
850365
842047
763369
911477
772877
905924
903205
745815
893103
493164
877365
862315
868442
864551
71605
856444
822794
853894
806777
755250
834081
839565
828397
803679
352428
801103
799419
780217
61096
786279
455456
775347
780937
747890
775852
714057
745208
708880
720552
707580
692203
692470
694975
620686
464564
658492
479735
694240
678770
690788
680110
79970
686192
686146
687518
681841
519088
504881
409322
501171
490710
454172
455934
405936
40307
477716
141760
432500
48653
365562
455163
470560
472862
469516
471608
464095
772877
875216
862315
842249
837810
802051
800041
723776
763369
405936
780790
396923
778717
771272
756131
464294
719481
765277
464564
753754
776258
758944
775852
701026
770036
760792
751842
714998
760225
747197
753149
753462
585111
466040
750536
714057
693882
711047
739279
558117
735356
734607
729851
728130
4293
486747
699295
699054
326774
703099
711023
690788
709437
698117
704419
707801
692470
417011
703727
658492
491081
661970
407278
692276
681841
694415
548223
696725
578778
683250
681894
506614
472862
79220
693371
692228
292851
538413
691148
8489
687184
658453
680110
670496
352428
71605
659633
461456
516069
362946
501714
408096
482816
490529
40307
223069
386338
366572
869153
765599
791588
675268
752590
450327
908119
907391
922363
922409
781056
548677
810539
804264
524778
863919
750114
870701
895338
873190
768893
723479
862315
842929
726024
479735
861324
870171
366572
845971
868142
40645
602370
877312
48813
800035
293175
840928
731991
845732
888903
785347
352428
749951
858123
770466
711023
786066
816782
536195
753149
741164
305217
702589
682058
868121
855046
842459
851221
847643
834081
548223
835368
836584
827338
795269
838164
541388
753184
696273
328453
823474
751862
809342
765315
834404
804611
834477
786094
506614
801386
802051
805105
787970
782711
781625
812241
506444
681841
520378
799191
478403
491853
809353
803200
541486
598667
781290
787770
227830
916272
17948
349016
858507
904742
905379
744462
731991
853627
847510
804302
506614
767249
87447
788307
791588
682361
602370
911624
915898
459426
898407
462100
892285
838164
892213
894492
842249
802023
887247
864522
681841
874385
874348
667555
747197
852033
450327
85349
702589
800035
419670
826353
842929
756409
548677
820828
834477
818064
802051
835509
802682
801386
816463
293175
802997
815641
79970
726090
708117
586037
787970
362946
330935
305217
711023
658492
678770
491853
578778
690776
352428
520378
8489
682058
662623
61096
659435
464564
675414
520878
365562
484376
657423
524778
486926
470403
477367
475418
625852
40645
619840
553487
485379
364773
457752
550298
901330
834671
703592
788307
924773
929822
922531
922851
922409
912197
878989
921357
920978
912388
918099
910102
907137
856598
784234
914842
916272
682907
909555
911746
913800
913947
884743
801807
459426
890958
869992
330935
858398
842596
786066
869299
891689
889824
892970
894210
836218
868142
876538
744462
527325
892894
869713
887195
493164
876968
883644
802682
887247
875358
800035
667555
818226
874385
822341
875215
864501
873190
864586
723479
464564
750114
808917
88079
844574
758034
858123
848970
779161
847721
854655
675268
809342
479735
764204
838164
809518
802051
834081
711023
681841
786094
765315
702589
835509
223069
827448
830536
791588
744462
305217
887876
617096
702589
869992
527325
553487
879527
870260
786094
839501
862315
866916
747197
458509
731991
331559
763307
483878
682058
839145
845732
730484
845446
813620
836811
787970
834081
760792
850335
286682
856933
258606
856330
802997
804264
858727
764204
546048
845682
756409
820311
464564
366572
831343
802051
571888
136109
805732
838164
855461
850647
8489
778754
800035
722405
846742
815673
714057
853627
827448
520378
778911
781625
810539
765315
681841
792783
856602
857767
857952
844561
396923
856826
834195
767249
831513
753149
842047
855963
848373
493164
853531
804611
852033
845971
844101
840646
851747
485227
856870
850705
853642
853954
847341
863919
869969
602370
785361
892575
741164
908508
758034
884743
907469
856598
842249
772877
836218
900528
898407
858123
875464
702589
818226
744462
887295
493164
888903
874385
889722
887247
878853
879269
880768
650322
844574
875215
873190
869992
868142
827448
862315
808917
713775
802076
826353
852574
520878
520378
485227
88079
802682
275431
675268
832638
747890
836584
802051
419670
839501
749951
838164
820828
806495
273676
682058
818064
602370
756409
445919
753184
815324
809342
787770
786094
751862
681841
801386
731991
668865
778911
806777
464564
647786
804302
352428
800035
765315
768893
305217
617096
801166
791588
767249
787970
79970
753149
708117
330935
781056
711023
788277
8489
747197
903097
816782
878526
383831
887013
548223
886086
880299
881356
880342
877384
877684
875228
872781
819784
862139
871968
869299
809353
871976
871279
827338
853837
864551
858162
846672
767249
842929
503408
785390
331559
227830
867316
524778
856598
864215
866963
863809
856592
464564
292254
425415
801166
857863
753149
857825
854731
856312
849367
804611
520378
847341
852351
837473
846561
850705
850191
851762
846200
849114
849400
849187
765315
846542
905559
924373
856842
927240
911244
879269
900168
827448
899503
506530
900528
876266
802682
894492
878853
838796
894177
483918
892285
801807
111974
887247
292851
364773
802051
823104
758034
834081
831513
850217
238780
650322
349016
875358
48899
708117
486926
836218
617096
873190
750114
853619
868142
520878
753184
675268
842459
852089
858609
862124
781625
847996
546338
816302
809518
856444
854655
753703
831501
856933
842249
848970
485227
536195
758944
829668
820311
764204
362946
741164
839501
818064
835509
711023
788065
527325
305217
765315
787770
810107
834404
838164
767249
681841
464564
821255
667555
783944
17948
702589
223069
831804
823793
822341
770466
791588
548223
758034
617702
888886
856579
831501
891160
873970
801386
873190
770466
811740
693882
726024
809518
722405
773798
802997
778754
829157
840897
765315
305217
668865
571888
779161
782711
857110
479735
844574
747197
478403
845732
352428
839904
506530
702589
801166
704144
831513
753184
804611
553487
785448
536195
802051
816782
366572
258606
835509
787970
681841
826353
838164
853837
779161
864586
854592
863166
816782
852033
856223
863982
863887
863778
864059
861832
863476
857344
861965
863557
863066
844902
801386
686946
674645
839501
787970
8489
845661
798592
807646
859859
856330
860957
750114
842047
747890
847721
802023
842929
747197
786094
791588
862140
827338
857052
856602
862559
838888
860778
829157
858123
858069
856316
858783
834081
305217
857767
783944
856444
820311
787970
845732
760792
858613
765315
854452
40645
842459
714057
801386
484085
858162
702589
857863
853642
759491
768893
839501
852089
855046
858398
675268
765315
911477
894644
813620
838164
840905
791588
362946
771272
845682
486926
331559
550298
820311
691602
787970
839501
479735
802670
846542
823474
478403
786094
760792
711023
770466
239101
535829
366572
167399
769790
578778
694975
775819
720552
167944
553286
596551
689603
294134
476984
508289
900528
873190
828397
801807
791588
758944
293269
689883
546338
396923
447435
508749
694975
757616
617096
760792
658597
617702
383831
483878
753462
747890
747197
464564
240990
744407
571888
490529
478585
405936
672510
723479
286682
708880
305713
735356
670617
508612
689201
714057
709273
711875
459599
727178
71605
729678
533566
728130
70847
467850
729437
693882
227846
722880
305217
722824
655901
658492
728187
447372
453569
520378
88079
486567
668865
723456
223069
720552
711023
721164
715747
720738
553487
111974
273676
721107
701680
484085
902292
650322
768893
856579
875100
877440
689905
328453
869299
831343
871968
862315
407281
867092
857863
864501
865001
779161
508749
860486
850191
459424
464564
852033
227830
506870
98189
756409
720738
842622
326774
840049
837810
809342
820311
827338
765277
826024
816463
767164
819045
753196
48813
825025
824710
819059
792056
786463
779574
776191
802364
686899
546048
561133
503408
303798
817787
568690
813825
817123
788585
815352
786094
815641
677033
491853
812998
617096
801933
775352
366572
540116
681841
755250
747890
352428
801807
696273
787970
293175
506614
806777
475418
731991
805732
811740
802997
809518
399238
778292
305217
809353
485227
673731
901711
407278
326774
619840
506614
459426
833290
675268
464564
900528
821255
896658
493164
801166
758034
827448
845446
834081
765315
763307
787770
786066
292851
801386
617096
770466
17948
760792
771272
791588
753184
454136
753149
811740
781625
802051
536195
802997
809442
506444
786094
366572
447435
754367
69629
396923
667555
711023
508749
726024
305217
682058
48813
407281
548677
462100
681841
658492
702589
447527
479735
8489
520378
469089
326129
362946
859894
327988
857863
856444
227830
840646
786463
804302
856602
675268
753184
846714
847721
811954
839501
546338
809442
844574
326774
838164
753703
506444
764204
800035
801386
769885
787970
827338
806777
672510
777903
747197
639265
758401
773798
61096
729851
292851
710745
352428
658492
682907
435548
2014
697482
712701
520378
728605
481699
366572
560174
695730
670075
540116
387538
700775
729959
621993
653834
692964
729189
728333
728382
682352
541005
670617
689242
668865
548677
447527
449441
510574
706922
722405
714057
725026
223069
723960
715404
655271
469195
725323
623756
711023
427882
519088
504278
461267
510664
660872
904618
943529
943230
876661
941698
863326
913800
506530
864501
859287
941977
927582
286682
877814
817023
939988
810791
932795
843859
926104
933443
937382
851938
938401
853627
701680
932752
897545
797785
933607
887247
447435
723479
705922
926465
916486
818226
330935
901534
872581
916272
920526
750114
862611
895580
617702
726024
852033
895045
869965
892575
847780
349016
795028
551080
861324
913324
893448
681841
396923
898642
893214
469089
722405
758034
842249
464564
863919
552545
795269
551245
873190
292851
869694
848970
856316
862315
847721
858123
827448
617096
857093
711023
767249
667555
305217
765315
801386
326774
786094
647786
802051
787970
783944
809442
352428
702589
782711
682058
802847
786094
744462
364773
758034
844574
752568
887247
834081
847721
862315
708117
781454
826353
658492
754066
447435
384339
70847
480168
198042
795133
672055
695154
488749
765315
730484
702589
396923
682058
758944
326774
48813
711075
286682
486926
167944
134944
432500
386338
271353
678770
722255
469089
625852
504278
362946
506614
491081
18159
720738
714057
457020
557299
706065
524778
483482
508749
88079
477716
571888
510664
682907
520363
711556
553487
111974
384696
490529
463809
546141
481699
658212
479735
89068
486567
536195
331837
541388
707801
561821
699295
711327
683250
524753
881591
883761
856878
506444
779161
845971
831513
809342
704144
855807
787970
682058
801386
851846
786094
851279
838433
833555
851009
839501
850335
851149
848042
810107
847996
849444
850309
838164
850406
850126
48899
237420
848722
850229
850655
844351
847341
842147
450327
651002
850055
849372
849415
846542
768893
829162
787770
527325
705922
817665
785837
401984
774790
682058
459599
758944
702589
711556
475198
854651
493164
70847
770466
48899
787970
850217
825944
850365
850698
682058
850769
475198
851593
829162
819024
843195
768893
729144
844351
796185
818269
777024
803816
819714
492423
723456
722824
711023
815324
810539
366572
491853
812241
223069
812817
484085
723479
801778
809353
478403
328453
464564
805365
796219
795107
806324
803816
775728
780350
803200
791831
788007
779161
629721
756286
793434
788805
802791
790292
781365
803730
802110
783944
801896
803907
777194
797274
771843
801166
804302
803702
617096
788441
780348
803376
688050
797507
790272
802997
802513
802051
803535
800878
801494
799453
731991
723776
788381
801891
506444
801074
801807
718585
798793
803473
804989
533659
788805
804960
756327
793816
805633
767908
774117
475198
779079
780937
780279
796994
770902
796695
760127
797897
456196
788441
491853
770466
729144
796108
793530
755094
619152
757581
803730
799412
788007
790272
791352
800878
785347
796144
787517
795308
738060
756286
787770
506870
802847
793519
788344
425114
800514
796085
799857
802051
798592
798621
799494
794278
780527
779161
792966
800342
803999
802791
758309
781625
792913
801891
788425
801807
723776
783141
796063
745815
797507
800041
484085
761914
771272
723509
786463
800035
744462
551245
856316
853627
888886
459599
811740
809442
809353
48899
839501
352428
783152
749951
834404
753149
826353
809342
781056
828397
806777
810539
17948
782711
761914
447435
8489
794308
419670
303962
617096
714057
787770
801386
520378
815824
753184
812241
801166
765315
722405
786094
802997
760792
274271
805105
791352
773798
711023
536195
450327
763307
804597
364773
796063
366572
769790
491853
775819
770466
800878
723776
768893
792966
783944
751862
786066
542366
787970
548677
780527
778911
447372
396923
305713
791588
779566
469089
776543
791472
747197
558117
273768
472724
371848
365085
405936
69629
6551
24639
6140
349027
819024
786094
834477
770466
828898
787970
828397
681841
806777
328453
812241
769790
461711
809353
167944
760225
617096
767164
751862
602370
772799
237420
767908
771272
682361
447527
757616
747197
541486
773459
294134
596160
87447
60878
747890
544151
731218
366572
658597
749361
527325
483878
365562
729851
710485
405725
479735
520378
61096
696346
738306
571888
546048
712263
735356
682907
741363
273768
658492
520878
475198
694975
548677
8489
273676
668865
691234
481699
719129
720738
722880
490529
617702
722405
70847
678784
553487
484085
695256
726024
524778
711023
699054
541388
546338
510664
711556
111974
682058
797785
873864
870481
861887
713775
860992
851977
764204
786066
856602
856579
856330
845732
851747
846742
795611
795764
801896
491853
800878
801945
801891
723509
689883
788441
798367
785183
796994
699295
723776
797993
798446
791352
798001
799301
273676
454136
776543
785347
758293
722824
723456
223069
792783
791588
303620
780350
795176
775819
524778
40645
490529
558117
548677
777194
664811
780937
788277
790181
738060
782676
791914
789979
791447
780527
794308
766130
779566
785848
777655
787084
787970
779161
795308
793109
792966
788425
366572
783141
770466
805633
800514
795349
758309
795611
801251
779566
747197
723509
87447
799915
96323
787970
525496
781782
758293
785347
548223
535829
328453
776543
405936
767249
775347
490529
491853
795421
548677
8489
797861
781042
777194
798621
758197
791472
797477
747877
796185
723776
509484
703592
766701
794549
795615
364773
486513
787084
785848
795498
757581
795485
795379
781625
788425
786774
770466
794957
794636
794139
793722
795439
795454
619152
486926
794906
789476
794727
794976
795378
792913
779161
794103
783141
783427
664811
795348
778754
352231
793305
637966
794690
749361
478585
782399
793249
237420
798064
801712
800151
757581
800041
747877
778911
796939
792698
780937
723776
768893
794139
794906
795498
794308
328453
785280
743265
619152
795203
794727
450327
330198
918309
894488
330935
845732
802051
483878
833987
781056
17948
447527
502612
111974
788277
524778
770466
491853
767249
22428
779566
769885
712263
227830
756704
682058
729851
508749
709437
723456
18159
714057
366572
670617
223069
520378
541388
617702
405936
352428
638226
292851
553487
294134
542366
273768
641365
166997
484085
553286
98189
235517
88079
416179
40307
40645
332540
40954
229488
10074
135503
101856
167944
462100
943398
740079
825694
935788
940203
930956
935298
925388
869153
928578
903447
914450
787770
552545
542366
826353
880299
861324
864443
848970
873190
749951
752568
887273
887675
879054
883664
506444
875464
520378
40645
859342
862315
689201
520878
842929
853619
831804
704144
548223
849114
478403
828397
464564
838164
553487
617096
834081
777655
779079
780348
827338
292851
726024
819059
801933
801386
811740
767164
806777
696273
79970
227830
813620
802051
729851
753184
811954
237420
803200
639265
731991
796695
747197
330935
447435
723776
699054
781056
753149
578328
524778
551166
786094
786066
536195
682058
681841
788277
782711
273676
760792
702589
484085
667555
602370
305217
58768
294134
814620
794831
87447
571888
273676
507658
764204
753754
682058
484085
702589
328453
550298
780279
79970
699054
768893
98340
726090
541486
779566
616010
760693
8489
789979
450327
780527
672055
330935
681841
786094
779161
764132
70847
775819
508749
134944
777655
772799
773459
775347
352231
639265
464564
541603
711023
553487
769790
502612
543585
305217
678770
621124
806407
799269
752590
417822
801103
797899
800041
703592
758293
796185
723776
682058
782676
619152
794139
751709
664811
548677
790968
760133
776543
785347
782428
781625
779161
767249
789303
774117
490529
465572
757616
808323
779161
789303
667555
788381
780527
773459
493164
786094
869992
856312
845971
820311
709437
802051
850335
777655
758944
569031
753149
691602
89068
838164
387538
804302
760225
506530
786463
459599
747197
70847
781056
699054
668865
352231
98340
682058
691234
714057
88079
305217
675414
658492
694415
478585
711023
694975
111974
447527
507658
658212
553286
451505
473120
40645
384131
525496
79970
454136
366572
690788
617702
681841
8489
405936
657423
659435
384696
484085
61096
647786
536195
638226
602752
490529
557122
275431
141760
571888
558117
15175
553487
541388
520378
855310
937011
938061
932614
922614
925962
932795
918309
932331
925388
931652
931640
930995
931046
929700
682058
907676
927000
929270
927240
926605
856842
925857
926609
922897
922492
924191
924672
884743
924323
923090
923867
917879
920688
922238
922284
920894
911624
919367
917937
918862
915192
753703
903249
891910
913283
905834
904742
898407
905379
887377
870477
786066
888926
808797
896685
900313
876968
899503
888903
863066
863326
567888
821442
862139
779079
843859
801166
818064
617702
667555
805732
834081
819024
800035
681841
826353
827448
801386
696273
767249
787970
788277
541486
506614
747197
740079
753149
479735
659435
520378
550298
903249
884743
902922
784234
872581
902078
898407
882970
705922
900885
891612
898579
898600
896866
886086
835389
880781
879279
810107
878313
872636
873065
863066
856579
864551
857174
857767
853837
853531
798145
851221
848616
729144
845971
847132
842459
845732
696273
834195
844351
843859
833967
763369
832138
826353
789705
805162
491853
800041
799295
797788
723509
798064
796185
796085
795940
777194
795822
795963
793109
794308
198042
767251
703592
770466
461140
761914
791804
787517
769790
781625
791472
779161
791588
364773
667555
548223
778292
790181
8489
790083
788007
788441
789303
749648
789761
694415
326129
787084
785347
787770
788381
836584
907298
907642
825944
849114
788307
744462
788007
785347
840996
843859
845732
847132
811954
275431
520878
785448
767908
881356
868142
800035
134944
293175
834081
464564
802051
852033
681841
856579
508749
696273
711023
802997
668865
726024
763307
292851
764132
98189
48899
258606
791352
801166
826353
804264
777655
328453
524778
111974
548677
682058
806777
617096
571888
305217
475198
753149
503408
548223
520378
791588
667555
790181
797861
802791
79970
273768
447527
558117
48813
536195
796185
795498
527325
787970
781625
761914
779161
87447
779566
479735
583484
553487
541388
726090
40645
678770
8489
860098
788585
814609
812241
775728
805948
804605
778788
780350
770466
730484
509484
768893
619152
667555
787970
775347
786094
772877
779161
787596
769790
783944
784716
786463
787896
668528
602370
786813
541486
785347
922492
842249
898697
900815
884743
801166
524778
911477
506444
911798
772877
770466
898407
835509
908945
851938
895338
753184
292851
904742
702589
901435
907762
571888
893214
787770
879269
760792
888903
788277
847510
878526
872581
901711
462100
541486
809342
548223
744462
853627
536195
869992
810539
889948
829157
711023
821487
48813
364773
238780
879401
867995
883021
863066
873190
864586
871968
821442
856330
868142
870344
753703
619152
804302
506614
787970
326774
765315
802051
681841
714057
568690
352428
812241
273676
767164
785347
328453
795764
305217
762329
783141
743996
691602
791472
785361
779161
783944
384696
907642
901841
931701
907137
908119
922492
892755
893448
901330
922851
705922
924191
857384
862139
922144
905832
894488
917723
506071
772877
900313
914787
911055
483482
887295
835509
273676
898781
760792
889824
802682
744462
758944
802051
862315
571888
352428
856312
764204
731991
856579
821255
752568
887247
294134
543585
864522
869992
874385
527325
854655
524778
328453
810539
879269
88079
820311
863326
818226
722255
783944
834081
785390
852854
17948
675268
858276
842929
425415
818064
520378
827448
830536
711023
330935
829157
770466
768893
781625
787770
765315
802997
791588
753184
617096
702589
96323
366572
553487
769790
478403
682058
479735
901711
901534
834081
909555
87447
483918
879269
894181
842249
863326
881493
809709
881268
875464
520878
857052
541486
352428
506870
850365
831513
833900
842622
839904
804264
840244
749951
826353
696273
330935
838164
427882
833987
809518
828397
809342
804949
823474
827179
786066
831382
819024
832138
828898
751862
820818
824423
781625
768893
801933
328453
816463
801386
786094
788805
795611
792966
767908
802110
796695
779566
785347
800878
690776
789979
780348
801166
779161
788425
770466
789761
687083
785015
788441
788277
782676
787084
788381
782711
785280
786463
788017
552545
884743
520378
890958
843859
888978
844729
857384
900528
506530
893448
741164
868142
785390
844574
905763
885248
750114
869992
763307
869694
873970
786066
863326
861324
760792
829157
887247
352428
834081
835509
771272
845732
809442
506614
783944
863919
781625
874385
818226
800035
744462
751842
859490
758034
847721
873190
543585
826353
362946
617096
810539
753149
668865
485227
767164
806777
787970
670617
809518
765315
791588
804302
838164
758401
617702
802997
286682
753184
786094
553487
447527
527325
546338
396923
682058
770466
760225
464564
508749
723479
492423
479735
305217
658492
366572
722405
447435
292851
681841
520878
8489
784234
272993
869153
898836
847341
894610
892093
873190
770466
869819
884900
856933
79970
838164
870701
778911
842047
842459
720738
17948
828397
811954
756409
787770
273676
751709
617702
753149
786463
617096
492423
748106
6551
739590
730484
495820
326774
708117
788307
331078
769790
779161
751862
292508
548677
777642
454136
18159
775819
747197
733223
456196
58768
286682
383831
692228
658492
773500
757616
742396
726090
770321
553286
292840
294134
749361
111974
405725
484085
731991
753184
87447
553487
763307
755073
625852
754367
384339
546338
750073
365562
681841
475198
682058
750536
668865
70847
544151
305217
507658
401984
352428
396923
541388
292851
479735
40645
884743
903705
705922
873190
758034
747890
838164
749951
778911
771272
801386
293269
682058
786094
396923
40954
769790
786774
682907
275431
328453
708117
492423
681841
240990
787970
491853
677033
786463
96323
796994
795764
765315
70847
723316
292840
541486
506444
475198
699295
546338
508749
658492
464564
553487
454136
548677
726024
730484
729851
767908
527325
711023
490529
722405
768893
692228
758401
756704
617096
305217
479735
758944
668865
678770
544151
87447
617702
753184
702589
763307
352428
541388
79970
639265
484085
449441
451505
753703
760225
754367
524778
752674
366572
578778
740079
789761
753754
788120
788676
749958
785280
711556
111974
366572
784792
455456
751709
479735
486926
747890
753703
747197
571888
740549
56570
508612
685811
407278
458316
387538
386872
469089
8489
272993
477716
58768
517038
482783
509634
404546
292851
502135
585243
451505
548184
470234
499187
581773
472724
568692
463195
587465
305217
509702
559777
464564
525545
484446
275431
491081
353518
493805
38989
428031
70890
384696
478014
40954
26581
461059
328453
366121
330935
383345
457752
386597
51793
458791
229426
427462
455163
406277
85753
352231
303962
419777
256076
54146
304792
365085
409322
450766
98340
273768
45013
386259
302240
415747
805948
798663
753149
799990
328453
639265
791352
787084
801712
682907
709437
703592
797897
790272
787770
79970
800818
795912
491853
758309
723509
795133
795308
711023
794636
787970
794883
792913
793816
464564
492423
778292
600073
788007
788425
790661
783944
789761
788381
767990
287259
707586
777655
788017
784431
786463
786094
779161
785347
785280
541388
768893
783141
782166
784792
384696
548677
769790
781056
777194
780937
779566
541486
134944
781782
780527
617096
775347
731991
871976
870666
868442
867092
850529
844351
834477
797477
795727
787970
795822
786279
794268
783427
493058
774790
778717
781289
778788
747197
744326
734607
726024
706032
720552
712452
710485
681362
661455
658492
680279
461456
659633
646031
519233
592104
503105
525496
511686
509702
507658
328453
493030
561544
548677
461711
561298
481699
26581
75488
546338
418643
466689
364773
503255
113348
543841
469089
428031
550329
509634
447527
405725
552124
538839
330935
384696
541388
846672
815083
110589
506444
820793
682058
814807
540116
805365
808325
790630
805752
709437
785673
803886
804264
416179
796144
799453
96323
800878
801891
802486
785347
783152
730484
797899
800017
799414
799494
791878
797507
795611
799301
782166
491853
723776
723509
796063
798556
798064
797477
786774
690776
795615
794906
795133
793556
619152
792966
772877
791783
790968
328453
681841
792783
791914
790992
330935
791804
787668
625852
774790
548677
777024
708117
691751
366572
479735
273676
785280
767249
484085
454136
598667
773459
757581
782428
541603
743996
771272
769790
779566
70847
352231
778717
780527
758401
720738
781056
780348
571888
922327
450327
933970
918099
910224
914727
726024
753149
803898
901330
913581
918243
897454
447527
850055
900247
795513
806905
825827
809353
815641
731107
814427
805760
797899
806081
802051
787770
800878
797897
709437
541388
79970
723509
111974
802991
793434
799990
799412
22428
689883
767164
256427
794549
799915
796108
795421
790272
774790
785347
800041
548677
793722
794906
793816
794268
789303
783141
711023
788381
782166
784431
70847
778717
484085
712263
107657
894488
898600
887400
786094
812241
619840
352428
810539
513709
794549
96323
801891
795133
788441
508749
539952
751286
777194
760127
637966
788425
759491
681841
464564
789109
506614
770466
782711
788664
787092
294134
774790
525496
708117
40645
134944
758944
786463
469089
778911
527325
87447
760693
752674
783427
646031
553286
541603
779566
682058
625852
786279
711023
729851
455456
305217
449441
780217
779079
778717
781674
705875
785347
479735
781552
779161
552044
61096
743265
558057
785280
785443
781355
783828
292851
847721
305217
753703
834081
858609
905834
802997
905211
802051
681841
744462
879918
777655
897713
842249
668865
873190
508749
111974
553487
696273
506614
447435
787970
763307
791352
714057
758944
486926
546338
352428
761914
96323
723776
741164
541388
548677
751842
708117
778911
751286
450327
723479
760225
658212
617702
722405
292508
475198
769790
764132
747890
672055
678770
134944
364773
758401
702589
40954
779161
779079
779566
765315
454136
273676
726024
366572
768893
479735
760792
490529
237420
396923
492423
524778
87447
8489
682058
875666
770466
856933
856444
713775
809342
769790
815608
806495
485227
98340
459599
704144
780074
708117
788017
723509
711023
491853
774117
775819
758309
753149
760133
764204
753754
488749
756409
757616
113348
641365
780527
524778
768893
364773
558057
273676
778103
778958
682361
227830
396923
726090
491889
740784
483482
553487
745078
475198
747197
490529
729851
558332
694975
668865
701026
478585
696346
542366
714057
457020
669333
693882
678770
658492
678784
691234
61096
711556
907469
787770
847510
890958
873190
520878
763035
71605
826110
821353
819088
723479
396923
551166
785837
488749
293175
720738
779161
541603
571888
778911
791472
536195
786463
769790
293269
740079
598667
779566
753754
492423
773459
780527
694415
692228
775347
781056
61096
641365
542366
751862
464564
79970
548677
292851
553487
227830
767908
596160
330935
490529
524778
405725
765315
747890
694975
726090
111974
752674
763307
753184
98340
760225
352231
305217
388334
758944
682058
678770
758401
506444
701026
668865
527325
546338
729851
450327
454136
475198
362946
465572
520378
756704
459599
541388
751709
757616
751842
747197
711023
702589
714057
366572
726024
8489
778911
469089
767761
450327
773459
694975
484085
711023
775347
781289
775393
780790
777642
770877
520378
752674
470468
449441
778788
60878
779563
506444
541486
779689
768893
712263
682058
780142
561133
743996
779079
775819
769885
778717
771272
779566
760693
765455
773798
765234
548677
492423
752076
616010
454136
461711
747197
751220
714057
713692
305217
711556
720552
704419
708040
712092
658492
491081
709183
645549
417841
656720
702405
694415
645464
692276
684584
685987
486584
520319
656517
536195
490529
507658
546141
366572
479419
447527
553487
227846
6551
620686
658212
569095
697264
3818
683250
553286
59633
901330
922409
853627
827448
836218
907642
826353
801166
898407
809442
873190
754367
859490
856312
753184
48899
845732
292254
17948
275431
831513
708117
834081
842459
61096
800035
838164
786094
802051
801386
818064
478403
787770
787970
781625
753703
273676
753149
273768
782676
79970
454136
704144
763307
694415
598667
70847
760225
520378
364773
726024
781454
780348
765315
681841
292840
779161
779566
758944
777642
365562
771272
617702
450327
638226
639265
305217
396923
602370
541388
773164
678770
714057
702589
553487
711023
548677
682058
617096
87447
731218
760792
751862
765234
939988
924373
942676
873958
922531
905559
744462
869969
931701
911055
111974
758944
920526
916272
911403
907137
889824
892575
731991
464564
893448
850055
758034
847721
887247
858123
750114
617096
922851
901330
352428
273676
836218
305217
711023
708117
450327
753184
749958
874385
863919
829157
884743
682058
543585
861324
869713
873190
546338
787970
800035
786094
681841
330935
890958
625852
553487
527325
507658
786463
305217
70847
756131
87447
779161
541486
488749
780527
553487
785280
778911
781056
779566
747197
61096
731991
617096
765315
682361
464564
757581
293175
751286
723479
760225
775347
508749
701026
758401
756327
770769
665192
85349
292851
558117
482816
275431
48653
773164
546048
751842
751862
641365
770917
774932
770321
571888
454136
756704
475198
524778
79970
752674
731218
484085
668865
726090
404334
366572
602370
596160
714057
483482
712263
60878
237420
768893
541388
771272
450327
490529
492423
557122
287259
726024
617702
330935
773798
772799
8489
786066
900528
842249
506614
873190
111974
787770
823793
753184
820311
639265
804302
326774
802051
462100
812241
808997
758309
485379
764204
286682
491853
801166
48813
795764
364773
690776
751842
779161
330935
546048
305217
747197
294134
764132
782676
780348
760792
592324
770321
31189
548223
680279
714057
273676
681841
726090
658597
767164
632048
777642
780790
730484
743996
470468
765234
352428
762329
727487
462063
868442
713775
829482
833366
696273
832138
802682
812241
541388
795308
797787
798064
758293
690776
723776
751286
769790
787970
692228
789109
492423
583484
503408
711023
273676
780674
682361
784537
382722
756131
784894
705875
777717
8489
461456
464564
775347
722824
287259
757581
756777
294134
557122
782879
782047
756327
305217
548223
17948
384696
709375
394854
723456
390053
778717
54516
513709
69629
747197
781289
65976
87447
548677
642801
394858
510815
617702
701026
770917
565356
781056
778788
760217
486926
477716
712263
558332
669296
303798
352428
326160
775819
658553
730261
770321
749648
751862
352231
647346
773459
652585
455897
929017
906033
877312
869992
842047
816782
569031
760225
787896
682058
602370
780527
779566
783427
778911
780348
781782
781289
702589
711023
697482
8489
767908
87447
111974
765234
763376
758401
714057
740079
726024
459522
713692
712627
698117
700521
658492
703727
670075
553286
417011
490529
694078
520378
491081
464565
363862
26581
540007
558679
524753
406277
507854
416435
474432
553077
518344
545913
15175
563188
493030
543841
274164
561017
553487
448515
560167
462151
557299
561398
525496
561653
491853
386206
498346
546992
326332
331481
555906
540290
549270
555147
450327
473120
303962
365085
405725
539875
482816
554943
553035
555569
192747
455376
517754
85349
542366
553242
537692
548044
696273
802051
835440
834081
450327
753184
834477
832386
795269
753149
812241
801166
787770
827970
818064
770466
828898
617702
647786
769790
815824
813620
763307
681841
801386
809353
781625
702589
722405
328453
765315
767249
787970
768893
682058
747890
678770
87447
506444
469089
711023
760792
464564
731991
758944
617096
553487
305217
751162
485379
450327
658453
779161
757581
777642
779563
756131
682361
765315
60878
527325
773164
751842
617096
87447
557299
760225
754367
473846
461711
701026
750114
697482
475198
747197
544151
733223
730484
40307
478585
240990
740784
558332
726024
464564
682058
497821
639265
670617
711875
730802
710485
728130
459153
70847
352428
483482
692964
720738
481699
18159
689883
721107
490529
404334
668865
690788
454136
571888
292851
405936
714057
484085
524753
352231
507449
524778
8489
508749
694975
658492
111974
553487
675414
459599
293175
305217
520378
682907
711023
702589
702589
851671
839501
696273
811954
814609
386259
723776
767249
795727
743265
475198
778958
780527
541486
646031
682058
596160
779079
506444
780348
571888
598667
712263
785262
697482
767761
779161
778717
781289
750662
751862
87447
768893
752674
765234
461711
737478
753703
760792
760225
757616
747197
48653
730484
726024
714057
720738
711556
689883
711023
658492
583484
661455
404334
690776
665166
120746
61096
459153
85349
546141
617702
659633
459115
406277
520878
8489
490529
362946
558747
553487
516069
462151
524778
446202
546414
542366
120849
558117
383848
466689
509001
488635
405725
450327
463809
394854
107496
517535
69629
938078
906530
898407
933443
942676
937011
845446
923182
926231
305217
876947
932752
892575
920526
931701
384696
834671
931228
914747
916486
847780
802997
930176
918256
912388
916986
723479
907838
765599
887295
858398
772877
876266
887247
890958
897545
900528
8489
829157
883644
753196
447527
349016
758034
869713
869153
802051
889824
40645
752568
708117
876538
842929
883900
571888
874385
294134
873190
475198
753703
858123
753184
827448
820311
478403
798797
647786
781625
786094
801166
836218
787770
520319
818064
681841
753149
520378
805732
682058
527325
96323
781056
770466
756409
536195
502612
791588
541486
667555
660715
548677
765315
617096
286682
524778
87447
763307
362946
461711
251287
877184
873990
868142
765315
806495
520878
853837
864385
864551
682058
838796
571888
859194
858507
858011
856878
816782
794308
558117
273768
804611
840996
787970
850647
845446
794906
793816
596160
794549
548677
794268
786774
475198
788425
488749
305217
788381
784792
789303
775819
758401
786094
87447
743265
553487
726024
769790
60878
775347
723479
778103
455365
658553
702589
780527
714057
773459
781167
694415
48653
757581
743996
780937
781056
546338
668865
464564
778958
757121
774932
779161
712263
778717
655901
711023
765234
773500
757616
330935
383831
8489
405936
79970
772966
765455
726090
747197
541388
700521
700039
497821
772780
829162
778911
761914
366572
328453
760792
822341
836584
800035
506444
804611
767249
801386
771272
813620
787770
770466
787970
711023
765315
8489
769790
779724
682058
